customer_id,age,gender,tenure,usage_frequency,support_calls,payment_delay,subscription_type,contract_length,total_spend,last_interaction,churn,customer_feedback
466001,38,Male,16,3,4,10,Premium,Quarterly,103.44,14,1,Generated feedback 0
466002,52,Male,9,4,0,4,Standard,Annual,118.97,20,1,Generated feedback 1
466003,27,Male,17,9,1,14,Standard,Quarterly,202.22,10,1,Generated feedback 2
466004,32,Male,5,4,0,1,Basic,Monthly,156.35,9,0,Generated feedback 3
466005,67,Male,27,1,5,23,Standard,Monthly,411.48,20,1,Generated feedback 4
466006,60,Male,1,7,3,16,Basic,Monthly,106.9,7,0,Generated feedback 5
466007,19,Female,27,8,3,13,Basic,Monthly,535.6,28,0,Generated feedback 6
466008,42,Male,21,2,4,12,Standard,Quarterly,253.89,22,1,Generated feedback 7
466009,51,Male,23,5,0,17,Premium,Quarterly,556.65,24,1,Generated feedback 8
466010,69,Male,17,9,8,18,Basic,Annual,505.57,7,0,Generated feedback 9
466011,41,Male,30,2,0,24,Standard,Annual,612.44,8,0,Generated feedback 10
466012,69,Male,29,4,7,16,Basic,Annual,309.49,18,0,Generated feedback 11
466013,31,Male,22,3,2,25,Basic,Annual,621.8,4,0,Generated feedback 12
466014,36,Female,11,5,9,19,Premium,Monthly,900.84,23,1,Generated feedback 13
466015,29,Male,27,1,4,20,Standard,Quarterly,128.38,12,1,Generated feedback 14
466016,52,Male,35,6,8,22,Standard,Monthly,188.89,19,1,Generated feedback 15
466017,33,Female,27,2,9,24,Basic,Monthly,97.9,22,1,Generated feedback 16
466018,28,Male,24,4,9,20,Basic,Monthly,701.47,13,0,Generated feedback 17
466019,22,Female,6,4,4,0,Standard,Monthly,260.81,15,0,Generated feedback 18
466020,63,Female,10,8,8,20,Premium,Quarterly,174.6,3,0,Generated feedback 19
466021,50,Male,28,1,7,20,Basic,Quarterly,502.23,22,1,Generated feedback 20
466022,63,Female,13,3,1,6,Premium,Monthly,967.21,5,0,Generated feedback 21
466023,65,Female,29,1,9,19,Standard,Annual,946.02,20,1,Generated feedback 22
466024,49,Female,17,2,6,25,Premium,Monthly,53.78,22,1,Generated feedback 23
466025,53,Male,28,2,9,1,Standard,Monthly,844.45,27,1,Generated feedback 24
466026,20,Female,30,8,4,7,Standard,Annual,354.93,18,0,Generated feedback 25
466027,55,Female,2,1,5,4,Premium,Annual,218.93,4,1,Generated feedback 26
466028,50,Female,25,1,6,20,Premium,Annual,811.66,7,1,Generated feedback 27
466029,57,Male,11,5,1,9,Premium,Quarterly,269.42,4,0,Generated feedback 28
466030,24,Male,2,1,4,27,Basic,Quarterly,140.65,6,1,Generated feedback 29
466031,30,Male,29,1,9,6,Basic,Quarterly,660.45,11,0,Generated feedback 30
466032,50,Female,30,1,3,23,Basic,Quarterly,117.26,23,0,Generated feedback 31
466033,41,Female,25,9,8,13,Standard,Monthly,716.3,25,0,Generated feedback 32
466034,39,Male,15,4,1,17,Standard,Annual,264.75,22,1,Generated feedback 33
466035,56,Female,17,8,7,18,Premium,Monthly,551.24,26,1,Generated feedback 34
466036,66,Female,22,4,7,1,Basic,Quarterly,421.4,12,1,Generated feedback 35
466037,29,Female,31,8,8,27,Premium,Monthly,590.62,14,0,Generated feedback 36
466038,43,Female,32,6,8,13,Basic,Annual,955.95,3,1,Generated feedback 37
466039,52,Female,8,4,3,19,Premium,Monthly,302.47,25,0,Generated feedback 38
466040,59,Female,25,7,3,10,Premium,Monthly,967.52,13,0,Generated feedback 39
466041,35,Male,16,4,0,1,Basic,Annual,999.73,18,0,Generated feedback 40
466042,42,Male,27,9,3,1,Premium,Quarterly,80.28,25,0,Generated feedback 41
466043,60,Male,27,9,4,0,Premium,Monthly,276.7,8,1,Generated feedback 42
466044,57,Female,1,1,9,5,Premium,Monthly,657.59,1,1,Generated feedback 43
466045,37,Female,1,7,5,28,Standard,Annual,910.31,25,1,Generated feedback 44
466046,26,Female,26,1,5,29,Premium,Quarterly,939.24,11,0,Generated feedback 45
466047,59,Female,5,7,5,6,Premium,Annual,418.83,11,1,Generated feedback 46
466048,28,Male,30,5,2,26,Basic,Annual,201.53,17,0,Generated feedback 47
466049,51,Male,14,1,4,11,Standard,Annual,675.37,14,1,Generated feedback 48
466050,54,Female,28,4,2,26,Basic,Quarterly,245.92,27,0,Generated feedback 49
466051,21,Male,7,9,4,20,Premium,Quarterly,135.51,16,0,Generated feedback 50
466052,26,Male,15,7,9,22,Basic,Annual,380.31,12,1,Generated feedback 51
466053,23,Female,16,3,0,26,Basic,Annual,635.1,26,0,Generated feedback 52
466054,25,Female,28,6,9,11,Basic,Quarterly,455.72,13,1,Generated feedback 53
466055,65,Female,9,6,4,4,Basic,Annual,211.43,1,1,Generated feedback 54
466056,53,Male,31,1,2,11,Standard,Quarterly,817.97,29,0,Generated feedback 55
466057,63,Male,6,6,5,26,Standard,Annual,514.71,27,1,Generated feedback 56
466058,28,Male,23,3,6,17,Standard,Annual,197.15,16,0,Generated feedback 57
466059,26,Female,29,2,2,26,Basic,Monthly,828.74,19,1,Generated feedback 58
466060,18,Female,5,8,2,10,Premium,Annual,998.01,15,0,Generated feedback 59
466061,36,Male,19,4,0,17,Basic,Annual,158.69,25,1,Generated feedback 60
466062,22,Male,31,9,7,24,Basic,Annual,192.63,3,0,Generated feedback 61
466063,45,Female,13,9,1,17,Standard,Monthly,628.57,26,1,Generated feedback 62
466064,24,Male,23,6,9,12,Basic,Monthly,948.68,8,0,Generated feedback 63
466065,35,Male,27,3,8,28,Basic,Quarterly,360.67,20,1,Generated feedback 64
466066,29,Female,3,1,2,21,Standard,Monthly,511.5,16,1,Generated feedback 65
466067,66,Female,34,4,2,7,Premium,Quarterly,334.85,21,1,Generated feedback 66
466068,19,Female,15,5,2,7,Standard,Monthly,843.3,11,1,Generated feedback 67
466069,23,Female,16,5,0,10,Premium,Annual,942.23,1,1,Generated feedback 68
466070,24,Male,35,6,8,0,Standard,Monthly,556.1,17,0,Generated feedback 69
466071,52,Female,31,1,6,15,Basic,Annual,938.38,23,1,Generated feedback 70
466072,22,Male,11,7,1,1,Premium,Annual,902.69,28,1,Generated feedback 71
466073,68,Female,33,1,2,7,Basic,Annual,671.45,20,0,Generated feedback 72
466074,59,Male,8,6,1,18,Basic,Annual,603.52,3,1,Generated feedback 73
466075,45,Female,8,3,4,13,Premium,Quarterly,156.92,5,1,Generated feedback 74
466076,58,Male,22,2,2,14,Standard,Annual,720.36,20,1,Generated feedback 75
466077,57,Male,23,4,3,24,Standard,Monthly,274.49,18,1,Generated feedback 76
466078,42,Male,30,3,2,9,Premium,Monthly,82.17,9,0,Generated feedback 77
466079,27,Male,21,1,3,3,Basic,Annual,644.12,18,1,Generated feedback 78
466080,61,Female,13,4,0,27,Premium,Quarterly,70.29,5,0,Generated feedback 79
466081,25,Male,32,1,4,12,Premium,Monthly,96.61,7,1,Generated feedback 80
466082,56,Male,3,2,3,3,Basic,Quarterly,291.0,19,0,Generated feedback 81
466083,40,Female,31,5,6,18,Standard,Annual,776.93,23,0,Generated feedback 82
466084,34,Female,31,3,3,0,Premium,Quarterly,339.88,14,1,Generated feedback 83
466085,52,Male,18,5,3,11,Basic,Annual,730.33,26,1,Generated feedback 84
466086,47,Female,8,6,0,11,Standard,Quarterly,984.95,14,1,Generated feedback 85
466087,58,Female,3,9,4,23,Basic,Annual,487.78,27,0,Generated feedback 86
466088,37,Male,35,8,7,17,Premium,Annual,115.8,22,0,Generated feedback 87
466089,19,Male,12,5,6,17,Standard,Monthly,447.54,29,0,Generated feedback 88
466090,24,Male,6,1,7,25,Basic,Quarterly,208.26,4,0,Generated feedback 89
466091,58,Female,10,6,1,24,Standard,Quarterly,183.23,4,0,Generated feedback 90
466092,48,Male,4,5,7,29,Standard,Quarterly,158.33,8,1,Generated feedback 91
466093,38,Female,3,7,6,20,Premium,Monthly,751.57,8,1,Generated feedback 92
466094,31,Male,12,8,3,20,Standard,Monthly,321.28,15,0,Generated feedback 93
466095,27,Female,30,2,6,5,Basic,Monthly,769.69,24,0,Generated feedback 94
466096,67,Male,2,5,6,28,Premium,Monthly,335.14,17,0,Generated feedback 95
466097,61,Male,3,9,9,2,Standard,Quarterly,197.18,7,0,Generated feedback 96
466098,45,Male,14,7,8,12,Basic,Annual,442.28,1,0,Generated feedback 97
466099,67,Female,32,4,8,12,Basic,Annual,291.15,11,0,Generated feedback 98
466100,55,Male,5,9,8,26,Premium,Annual,647.8,27,1,Generated feedback 99
466101,32,Female,12,2,4,17,Premium,Monthly,413.31,28,0,Generated feedback 100
466102,58,Male,9,1,7,20,Premium,Quarterly,739.72,23,0,Generated feedback 101
466103,59,Female,22,1,5,2,Standard,Monthly,897.01,10,0,Generated feedback 102
466104,20,Female,10,8,8,10,Premium,Quarterly,348.02,22,0,Generated feedback 103
466105,29,Female,15,3,0,14,Basic,Monthly,294.19,28,0,Generated feedback 104
466106,41,Male,15,5,7,26,Premium,Monthly,450.3,23,1,Generated feedback 105
466107,22,Male,1,5,4,25,Standard,Annual,508.79,4,1,Generated feedback 106
466108,34,Female,33,9,3,27,Standard,Monthly,247.2,29,0,Generated feedback 107
466109,40,Female,18,8,1,19,Premium,Monthly,186.72,15,0,Generated feedback 108
466110,18,Male,32,6,3,4,Premium,Quarterly,617.08,11,0,Generated feedback 109
466111,61,Male,29,7,3,5,Premium,Quarterly,833.88,15,1,Generated feedback 110
466112,24,Male,27,4,5,1,Standard,Quarterly,787.64,23,0,Generated feedback 111
466113,21,Female,2,8,4,28,Premium,Monthly,160.04,12,0,Generated feedback 112
466114,18,Male,12,5,7,3,Basic,Quarterly,808.99,18,1,Generated feedback 113
466115,26,Female,35,6,5,26,Basic,Annual,561.64,4,0,Generated feedback 114
466116,28,Female,24,2,3,0,Premium,Monthly,911.4,5,0,Generated feedback 115
466117,64,Female,23,5,9,12,Basic,Annual,285.6,17,1,Generated feedback 116
466118,33,Male,33,7,0,10,Basic,Quarterly,714.4,28,0,Generated feedback 117
466119,65,Male,6,9,8,3,Basic,Annual,690.47,21,0,Generated feedback 118
466120,69,Female,21,6,5,2,Standard,Monthly,414.5,4,1,Generated feedback 119
466121,29,Female,19,2,4,29,Standard,Quarterly,572.33,15,0,Generated feedback 120
466122,30,Male,14,5,9,6,Premium,Annual,965.92,16,1,Generated feedback 121
466123,52,Female,33,4,5,23,Premium,Quarterly,759.38,24,0,Generated feedback 122
466124,67,Female,5,5,9,18,Standard,Quarterly,713.82,5,1,Generated feedback 123
466125,26,Female,17,9,2,28,Basic,Quarterly,379.94,8,1,Generated feedback 124
466126,18,Male,10,2,5,24,Premium,Annual,335.43,1,1,Generated feedback 125
466127,36,Female,2,9,1,29,Standard,Quarterly,770.45,6,1,Generated feedback 126
466128,26,Female,34,7,6,11,Premium,Quarterly,416.99,17,1,Generated feedback 127
466129,38,Male,11,1,9,29,Basic,Annual,245.41,7,1,Generated feedback 128
466130,31,Male,21,9,9,26,Standard,Quarterly,230.58,10,1,Generated feedback 129
466131,57,Male,5,3,1,0,Basic,Quarterly,558.02,19,1,Generated feedback 130
466132,55,Male,4,4,0,29,Basic,Monthly,382.38,13,0,Generated feedback 131
466133,43,Male,33,9,0,5,Standard,Quarterly,304.84,15,1,Generated feedback 132
466134,68,Male,18,7,3,13,Standard,Quarterly,480.88,5,1,Generated feedback 133
466135,31,Male,8,2,5,22,Standard,Annual,922.77,24,1,Generated feedback 134
466136,22,Male,29,1,2,15,Basic,Monthly,345.32,2,0,Generated feedback 135
466137,64,Female,14,6,1,21,Basic,Quarterly,612.57,8,1,Generated feedback 136
466138,30,Male,33,6,7,7,Standard,Quarterly,428.71,9,1,Generated feedback 137
466139,20,Female,7,4,6,13,Standard,Monthly,228.75,22,1,Generated feedback 138
466140,31,Male,9,5,4,16,Premium,Quarterly,240.77,14,1,Generated feedback 139
466141,59,Female,28,7,3,7,Premium,Monthly,781.41,20,1,Generated feedback 140
466142,40,Female,31,9,0,11,Standard,Monthly,957.73,14,0,Generated feedback 141
466143,20,Male,10,2,1,18,Premium,Monthly,747.34,18,0,Generated feedback 142
466144,40,Male,9,1,1,16,Standard,Monthly,385.77,20,0,Generated feedback 143
466145,55,Female,17,3,8,21,Basic,Quarterly,908.73,14,0,Generated feedback 144
466146,31,Female,19,1,2,26,Basic,Annual,613.63,27,0,Generated feedback 145
466147,45,Male,12,4,3,8,Basic,Monthly,917.11,28,1,Generated feedback 146
466148,18,Female,5,2,5,3,Basic,Monthly,153.67,13,0,Generated feedback 147
466149,20,Female,5,3,9,0,Basic,Quarterly,616.86,1,0,Generated feedback 148
466150,33,Male,25,1,7,16,Premium,Annual,284.79,23,1,Generated feedback 149
466151,33,Female,13,7,9,29,Premium,Monthly,771.71,16,1,Generated feedback 150
466152,25,Male,17,3,6,15,Standard,Annual,325.37,10,1,Generated feedback 151
466153,45,Female,2,4,6,29,Basic,Monthly,626.67,13,0,Generated feedback 152
466154,53,Male,5,3,2,11,Premium,Monthly,521.21,23,0,Generated feedback 153
466155,27,Male,12,4,5,6,Basic,Quarterly,820.35,12,1,Generated feedback 154
466156,25,Male,12,7,9,21,Premium,Annual,400.21,10,0,Generated feedback 155
466157,69,Female,5,3,8,23,Basic,Monthly,999.28,16,1,Generated feedback 156
466158,30,Female,27,1,1,13,Basic,Quarterly,696.28,1,0,Generated feedback 157
466159,53,Female,34,5,5,28,Premium,Quarterly,775.19,26,1,Generated feedback 158
466160,60,Female,3,2,9,24,Basic,Monthly,369.91,23,1,Generated feedback 159
466161,27,Male,20,7,1,29,Standard,Annual,821.43,20,1,Generated feedback 160
466162,38,Male,32,9,4,2,Basic,Quarterly,726.8,20,0,Generated feedback 161
466163,38,Female,11,6,5,29,Premium,Annual,813.33,6,1,Generated feedback 162
466164,45,Male,29,7,4,1,Standard,Annual,533.31,6,0,Generated feedback 163
466165,54,Female,24,2,1,28,Standard,Annual,194.0,20,0,Generated feedback 164
466166,36,Female,10,4,7,9,Standard,Annual,370.43,4,0,Generated feedback 165
466167,28,Female,15,7,1,19,Premium,Annual,954.87,4,0,Generated feedback 166
466168,27,Male,30,1,4,6,Standard,Quarterly,700.93,22,0,Generated feedback 167
466169,50,Male,7,1,0,29,Basic,Quarterly,570.12,9,0,Generated feedback 168
466170,67,Male,28,2,0,16,Basic,Annual,328.52,9,1,Generated feedback 169
466171,53,Male,35,7,0,14,Standard,Monthly,393.84,1,1,Generated feedback 170
466172,43,Female,9,8,0,20,Standard,Quarterly,347.44,20,0,Generated feedback 171
466173,31,Female,11,1,7,19,Standard,Annual,233.9,17,1,Generated feedback 172
466174,42,Female,13,7,1,28,Premium,Monthly,667.4,21,1,Generated feedback 173
466175,40,Male,3,4,1,9,Premium,Quarterly,286.46,8,1,Generated feedback 174
466176,66,Female,9,2,4,28,Premium,Monthly,841.22,15,0,Generated feedback 175
466177,23,Female,21,9,8,4,Premium,Quarterly,564.37,9,0,Generated feedback 176
466178,47,Female,9,8,9,0,Premium,Annual,346.24,27,0,Generated feedback 177
466179,53,Female,22,3,8,15,Standard,Quarterly,444.07,1,0,Generated feedback 178
466180,54,Female,35,1,9,26,Standard,Quarterly,810.9,1,0,Generated feedback 179
466181,57,Female,1,1,9,11,Standard,Monthly,448.79,29,1,Generated feedback 180
466182,59,Female,4,3,2,3,Premium,Annual,432.73,18,0,Generated feedback 181
466183,31,Male,25,4,8,16,Standard,Annual,92.13,20,1,Generated feedback 182
466184,42,Female,13,9,7,13,Standard,Monthly,211.84,24,0,Generated feedback 183
466185,51,Female,30,7,4,7,Standard,Quarterly,188.42,5,1,Generated feedback 184
466186,23,Female,20,2,2,28,Standard,Monthly,110.49,22,0,Generated feedback 185
466187,52,Female,1,7,2,28,Premium,Quarterly,387.19,18,0,Generated feedback 186
466188,56,Male,26,3,5,22,Standard,Monthly,62.6,23,0,Generated feedback 187
466189,50,Female,10,3,5,13,Basic,Monthly,368.6,10,1,Generated feedback 188
466190,18,Female,18,1,1,12,Premium,Monthly,79.69,28,1,Generated feedback 189
466191,32,Male,15,6,8,15,Basic,Annual,742.66,9,0,Generated feedback 190
466192,23,Female,17,8,2,1,Basic,Annual,714.1,26,1,Generated feedback 191
466193,32,Female,13,8,4,4,Premium,Annual,547.02,21,1,Generated feedback 192
466194,20,Female,27,8,7,20,Basic,Annual,890.21,5,0,Generated feedback 193
466195,23,Male,13,2,2,21,Premium,Annual,743.51,24,0,Generated feedback 194
466196,45,Female,5,1,5,21,Basic,Annual,318.01,3,0,Generated feedback 195
466197,27,Female,35,5,4,29,Basic,Monthly,633.96,28,1,Generated feedback 196
466198,69,Male,9,2,1,18,Basic,Annual,100.2,18,1,Generated feedback 197
466199,63,Male,6,9,7,21,Basic,Monthly,857.42,14,0,Generated feedback 198
466200,49,Female,27,2,4,21,Premium,Monthly,748.23,29,0,Generated feedback 199
466201,56,Female,17,9,4,17,Standard,Monthly,893.0,20,1,Generated feedback 200
466202,67,Male,28,6,6,9,Premium,Annual,197.93,14,0,Generated feedback 201
466203,50,Female,30,5,5,25,Premium,Quarterly,708.26,19,1,Generated feedback 202
466204,19,Female,21,1,6,8,Basic,Annual,175.6,26,0,Generated feedback 203
466205,35,Male,28,7,4,11,Premium,Monthly,310.15,16,0,Generated feedback 204
466206,36,Female,22,4,7,26,Basic,Quarterly,715.04,12,0,Generated feedback 205
466207,65,Male,15,1,7,1,Standard,Quarterly,900.75,20,1,Generated feedback 206
466208,47,Female,11,3,5,13,Premium,Quarterly,671.56,24,0,Generated feedback 207
466209,39,Male,24,3,7,9,Premium,Annual,216.54,2,0,Generated feedback 208
466210,40,Female,6,6,5,15,Standard,Annual,999.71,6,0,Generated feedback 209
466211,45,Female,2,3,5,3,Basic,Quarterly,899.33,18,0,Generated feedback 210
466212,37,Male,1,8,7,1,Standard,Monthly,589.38,2,1,Generated feedback 211
466213,39,Male,6,7,7,3,Basic,Annual,837.27,1,0,Generated feedback 212
466214,50,Male,10,1,2,14,Premium,Quarterly,455.36,15,1,Generated feedback 213
466215,69,Male,8,7,9,7,Premium,Quarterly,914.71,29,0,Generated feedback 214
466216,54,Male,1,5,0,17,Premium,Quarterly,679.44,3,1,Generated feedback 215
466217,32,Female,9,5,1,23,Standard,Annual,924.54,21,0,Generated feedback 216
466218,45,Male,3,8,4,25,Standard,Annual,334.34,13,1,Generated feedback 217
466219,69,Male,24,9,7,2,Premium,Monthly,887.0,12,0,Generated feedback 218
466220,24,Female,30,9,5,14,Premium,Annual,442.62,29,0,Generated feedback 219
466221,40,Male,34,7,4,4,Basic,Quarterly,103.36,29,1,Generated feedback 220
466222,18,Female,24,9,4,27,Premium,Quarterly,537.66,14,1,Generated feedback 221
466223,51,Female,17,1,4,0,Basic,Monthly,117.84,5,0,Generated feedback 222
466224,36,Male,13,5,9,13,Basic,Monthly,718.6,21,1,Generated feedback 223
466225,40,Female,25,1,9,20,Basic,Monthly,533.9,4,0,Generated feedback 224
466226,22,Female,35,8,7,8,Basic,Monthly,902.97,15,0,Generated feedback 225
466227,51,Female,11,5,3,23,Basic,Annual,75.71,23,1,Generated feedback 226
466228,50,Female,35,7,3,27,Standard,Quarterly,289.74,2,0,Generated feedback 227
466229,69,Male,35,3,9,17,Basic,Monthly,838.31,29,0,Generated feedback 228
466230,34,Male,12,9,8,16,Premium,Quarterly,204.82,16,1,Generated feedback 229
466231,29,Male,18,1,7,29,Premium,Annual,243.14,23,1,Generated feedback 230
466232,56,Male,1,3,3,21,Standard,Annual,134.62,1,0,Generated feedback 231
466233,21,Female,21,4,3,12,Premium,Annual,368.09,9,1,Generated feedback 232
466234,59,Male,7,5,5,14,Standard,Quarterly,759.45,21,1,Generated feedback 233
466235,54,Male,4,4,1,17,Premium,Annual,211.1,26,0,Generated feedback 234
466236,37,Male,3,8,4,9,Basic,Quarterly,209.87,12,0,Generated feedback 235
466237,62,Male,8,8,4,0,Basic,Monthly,412.32,25,1,Generated feedback 236
466238,58,Male,27,1,2,20,Basic,Monthly,125.69,3,1,Generated feedback 237
466239,49,Female,26,8,2,17,Premium,Monthly,213.52,16,0,Generated feedback 238
466240,26,Female,6,6,0,22,Premium,Annual,741.8,23,0,Generated feedback 239
466241,31,Female,23,8,3,15,Standard,Quarterly,367.6,20,1,Generated feedback 240
466242,36,Female,1,4,4,25,Premium,Monthly,606.17,6,0,Generated feedback 241
466243,19,Male,3,6,8,9,Premium,Monthly,852.24,17,1,Generated feedback 242
466244,56,Female,7,3,9,3,Standard,Quarterly,221.5,18,0,Generated feedback 243
466245,19,Female,33,5,0,2,Premium,Quarterly,997.75,24,0,Generated feedback 244
466246,34,Male,2,5,9,7,Premium,Annual,826.88,7,1,Generated feedback 245
466247,22,Male,19,1,5,18,Premium,Monthly,937.89,25,1,Generated feedback 246
466248,36,Female,23,1,0,18,Standard,Annual,150.9,9,1,Generated feedback 247
466249,24,Female,8,8,4,19,Premium,Annual,967.43,27,1,Generated feedback 248
466250,44,Male,6,8,9,4,Standard,Quarterly,413.2,17,0,Generated feedback 249
466251,68,Female,28,5,1,23,Premium,Annual,523.15,6,1,Generated feedback 250
466252,60,Female,19,2,5,7,Basic,Quarterly,899.75,18,1,Generated feedback 251
466253,43,Male,18,6,2,9,Standard,Quarterly,272.9,15,0,Generated feedback 252
466254,44,Female,30,9,0,4,Standard,Monthly,996.56,3,0,Generated feedback 253
466255,64,Male,16,8,3,16,Standard,Quarterly,300.4,24,1,Generated feedback 254
466256,30,Female,10,1,2,27,Standard,Monthly,817.52,10,0,Generated feedback 255
466257,69,Male,11,7,1,9,Premium,Annual,310.04,13,0,Generated feedback 256
466258,22,Male,6,1,5,3,Premium,Annual,318.42,16,0,Generated feedback 257
466259,68,Male,26,5,9,16,Standard,Quarterly,911.84,27,0,Generated feedback 258
466260,43,Female,30,8,9,6,Basic,Annual,348.07,16,0,Generated feedback 259
466261,69,Female,28,2,1,9,Premium,Annual,595.54,27,1,Generated feedback 260
466262,38,Male,2,7,3,26,Premium,Monthly,792.05,12,1,Generated feedback 261
466263,56,Female,28,8,1,29,Premium,Quarterly,269.53,12,0,Generated feedback 262
466264,36,Male,3,6,4,25,Basic,Annual,757.67,14,1,Generated feedback 263
466265,69,Female,23,4,6,1,Basic,Monthly,844.74,2,0,Generated feedback 264
466266,65,Female,27,4,4,3,Premium,Monthly,156.89,5,0,Generated feedback 265
466267,27,Male,19,1,6,23,Premium,Annual,320.58,20,1,Generated feedback 266
466268,18,Male,11,9,4,1,Basic,Monthly,591.8,28,1,Generated feedback 267
466269,45,Male,25,5,4,22,Basic,Monthly,129.05,16,1,Generated feedback 268
466270,55,Male,18,5,6,4,Standard,Quarterly,423.87,6,1,Generated feedback 269
466271,52,Male,31,7,9,10,Basic,Quarterly,881.84,28,1,Generated feedback 270
466272,23,Female,12,8,6,29,Premium,Monthly,386.29,5,1,Generated feedback 271
466273,55,Male,4,3,5,12,Premium,Quarterly,683.71,28,1,Generated feedback 272
466274,54,Female,17,8,7,12,Premium,Monthly,249.05,26,0,Generated feedback 273
466275,60,Male,20,1,1,11,Basic,Monthly,740.68,24,1,Generated feedback 274
466276,64,Female,5,4,6,6,Basic,Monthly,874.9,2,0,Generated feedback 275
466277,18,Male,23,7,6,3,Standard,Quarterly,196.54,2,0,Generated feedback 276
466278,56,Female,21,2,1,5,Basic,Quarterly,276.08,16,1,Generated feedback 277
466279,66,Male,17,4,9,11,Basic,Quarterly,399.43,3,0,Generated feedback 278
466280,32,Male,12,3,6,16,Premium,Annual,222.75,19,0,Generated feedback 279
466281,26,Female,1,6,0,4,Standard,Quarterly,933.85,9,0,Generated feedback 280
466282,34,Male,28,5,4,22,Premium,Quarterly,997.65,13,0,Generated feedback 281
466283,34,Female,9,5,9,7,Standard,Quarterly,965.66,14,0,Generated feedback 282
466284,58,Female,24,7,3,6,Basic,Quarterly,389.82,23,0,Generated feedback 283
466285,52,Male,28,5,3,16,Basic,Quarterly,763.47,10,1,Generated feedback 284
466286,50,Male,24,9,0,29,Standard,Annual,614.02,16,0,Generated feedback 285
466287,44,Male,22,7,4,6,Premium,Annual,750.96,28,1,Generated feedback 286
466288,53,Male,17,6,8,2,Basic,Annual,110.01,28,0,Generated feedback 287
466289,53,Male,28,7,6,8,Standard,Annual,515.47,22,0,Generated feedback 288
466290,34,Female,21,4,8,7,Premium,Annual,327.65,5,1,Generated feedback 289
466291,66,Female,35,9,0,11,Premium,Monthly,466.66,3,1,Generated feedback 290
466292,52,Male,2,6,9,15,Basic,Quarterly,244.63,8,1,Generated feedback 291
466293,57,Male,11,5,7,6,Basic,Annual,278.18,14,1,Generated feedback 292
466294,35,Female,17,6,0,14,Premium,Annual,503.29,19,1,Generated feedback 293
466295,45,Female,34,1,1,10,Premium,Monthly,366.16,1,1,Generated feedback 294
466296,63,Male,20,1,8,0,Premium,Annual,506.89,15,1,Generated feedback 295
466297,65,Female,9,6,3,3,Premium,Annual,269.91,3,0,Generated feedback 296
466298,47,Male,24,2,2,4,Premium,Quarterly,809.63,8,1,Generated feedback 297
466299,52,Female,25,5,4,3,Premium,Quarterly,556.06,14,1,Generated feedback 298
466300,33,Female,32,2,8,2,Basic,Quarterly,771.49,12,1,Generated feedback 299
466301,34,Male,11,8,9,14,Premium,Annual,362.56,21,1,Generated feedback 300
466302,57,Male,5,7,6,11,Basic,Quarterly,200.91,11,1,Generated feedback 301
466303,32,Male,23,5,8,5,Standard,Annual,273.75,3,1,Generated feedback 302
466304,52,Male,22,5,4,6,Basic,Quarterly,961.99,28,1,Generated feedback 303
466305,58,Female,8,3,8,2,Standard,Quarterly,784.07,23,0,Generated feedback 304
466306,24,Female,2,9,8,1,Basic,Quarterly,424.11,17,0,Generated feedback 305
466307,23,Male,9,6,9,13,Premium,Monthly,467.97,26,1,Generated feedback 306
466308,19,Female,27,1,7,16,Standard,Quarterly,165.85,15,0,Generated feedback 307
466309,65,Female,18,4,5,5,Basic,Annual,735.98,17,0,Generated feedback 308
466310,55,Female,34,6,3,24,Premium,Monthly,230.28,9,0,Generated feedback 309
466311,69,Female,31,7,9,19,Premium,Monthly,896.56,22,0,Generated feedback 310
466312,49,Male,24,3,0,6,Premium,Annual,908.67,14,0,Generated feedback 311
466313,26,Male,28,6,1,20,Basic,Annual,868.22,29,0,Generated feedback 312
466314,47,Female,12,1,3,25,Standard,Quarterly,647.71,17,0,Generated feedback 313
466315,18,Female,5,1,6,3,Standard,Monthly,236.53,18,1,Generated feedback 314
466316,40,Male,1,3,5,25,Premium,Quarterly,291.45,22,1,Generated feedback 315
466317,28,Male,9,4,4,5,Premium,Monthly,999.22,8,0,Generated feedback 316
466318,20,Female,1,3,1,26,Premium,Monthly,479.99,6,0,Generated feedback 317
466319,61,Female,15,3,9,21,Basic,Monthly,950.84,6,0,Generated feedback 318
466320,55,Female,1,4,5,15,Basic,Monthly,806.12,22,1,Generated feedback 319
466321,48,Male,12,5,1,17,Basic,Quarterly,697.26,20,1,Generated feedback 320
466322,34,Female,4,9,8,12,Basic,Annual,313.12,21,1,Generated feedback 321
466323,42,Female,3,9,0,17,Basic,Annual,252.84,14,1,Generated feedback 322
466324,27,Male,18,2,2,27,Basic,Monthly,998.47,27,0,Generated feedback 323
466325,36,Male,5,2,5,26,Standard,Monthly,914.54,14,1,Generated feedback 324
466326,41,Female,32,5,6,7,Standard,Annual,883.95,1,1,Generated feedback 325
466327,23,Female,34,7,1,9,Standard,Monthly,811.11,4,0,Generated feedback 326
466328,57,Female,6,2,4,12,Basic,Monthly,559.45,10,1,Generated feedback 327
466329,21,Male,16,4,3,29,Premium,Monthly,151.33,12,1,Generated feedback 328
466330,30,Male,9,8,3,28,Premium,Monthly,817.18,23,0,Generated feedback 329
466331,56,Female,29,7,9,4,Basic,Monthly,538.86,1,1,Generated feedback 330
466332,58,Female,35,1,5,23,Premium,Quarterly,704.53,11,1,Generated feedback 331
466333,37,Male,21,9,4,16,Premium,Monthly,875.51,7,1,Generated feedback 332
466334,19,Female,16,6,8,15,Premium,Annual,687.29,26,1,Generated feedback 333
466335,30,Female,29,2,6,3,Premium,Monthly,437.49,28,1,Generated feedback 334
466336,45,Male,5,6,6,4,Standard,Quarterly,977.75,25,0,Generated feedback 335
466337,47,Male,14,5,5,27,Premium,Quarterly,464.81,14,1,Generated feedback 336
466338,62,Female,4,7,3,27,Standard,Quarterly,925.22,11,1,Generated feedback 337
466339,57,Male,8,4,4,8,Standard,Annual,614.07,19,1,Generated feedback 338
466340,57,Female,26,6,8,26,Standard,Quarterly,503.05,13,0,Generated feedback 339
466341,50,Male,7,7,1,19,Basic,Annual,328.04,19,0,Generated feedback 340
466342,24,Female,15,8,8,0,Basic,Monthly,421.32,29,1,Generated feedback 341
466343,31,Male,16,5,3,7,Premium,Quarterly,61.5,24,1,Generated feedback 342
466344,58,Female,27,6,1,7,Standard,Quarterly,244.54,17,0,Generated feedback 343
466345,55,Male,31,8,1,28,Basic,Annual,416.04,25,1,Generated feedback 344
466346,31,Female,12,2,4,26,Premium,Monthly,627.41,6,0,Generated feedback 345
466347,46,Male,12,8,1,24,Basic,Monthly,757.29,19,1,Generated feedback 346
466348,40,Male,34,6,3,2,Standard,Quarterly,979.64,11,1,Generated feedback 347
466349,28,Female,19,9,4,18,Standard,Quarterly,871.75,21,1,Generated feedback 348
466350,45,Female,6,8,9,24,Premium,Quarterly,347.2,11,1,Generated feedback 349
466351,39,Male,30,3,6,25,Standard,Quarterly,137.87,3,0,Generated feedback 350
466352,53,Female,6,2,3,12,Basic,Monthly,799.53,8,0,Generated feedback 351
466353,29,Female,18,3,9,5,Basic,Quarterly,213.02,27,1,Generated feedback 352
466354,35,Male,9,9,2,24,Basic,Annual,732.56,28,0,Generated feedback 353
466355,18,Male,16,6,8,12,Basic,Annual,589.27,11,0,Generated feedback 354
466356,54,Male,32,7,7,17,Premium,Monthly,500.99,5,1,Generated feedback 355
466357,29,Female,25,2,8,12,Standard,Annual,637.33,19,0,Generated feedback 356
466358,34,Female,11,3,8,11,Basic,Monthly,315.44,13,0,Generated feedback 357
466359,43,Female,34,2,0,15,Premium,Annual,938.93,18,1,Generated feedback 358
466360,48,Female,32,2,5,29,Basic,Monthly,224.17,23,1,Generated feedback 359
466361,40,Male,34,8,6,2,Standard,Monthly,904.24,22,1,Generated feedback 360
466362,25,Male,29,2,5,16,Premium,Monthly,621.86,12,1,Generated feedback 361
466363,63,Male,20,7,2,0,Basic,Annual,950.86,1,1,Generated feedback 362
466364,59,Female,7,1,6,23,Basic,Monthly,204.8,19,0,Generated feedback 363
466365,31,Male,8,1,9,11,Standard,Annual,608.13,3,0,Generated feedback 364
466366,26,Male,32,3,9,28,Basic,Monthly,364.16,22,1,Generated feedback 365
466367,57,Female,27,5,0,27,Premium,Quarterly,187.55,18,1,Generated feedback 366
466368,42,Female,2,7,5,8,Premium,Annual,572.7,14,0,Generated feedback 367
466369,25,Male,24,1,3,11,Standard,Monthly,75.41,3,1,Generated feedback 368
466370,47,Female,19,9,6,23,Basic,Monthly,625.32,25,0,Generated feedback 369
466371,52,Female,20,5,2,12,Standard,Monthly,943.04,4,0,Generated feedback 370
466372,25,Male,20,1,2,21,Basic,Monthly,215.37,3,1,Generated feedback 371
466373,25,Female,17,8,0,3,Standard,Annual,59.35,10,0,Generated feedback 372
466374,42,Male,29,6,8,1,Premium,Monthly,203.14,12,0,Generated feedback 373
466375,35,Female,18,3,0,11,Standard,Quarterly,105.71,26,0,Generated feedback 374
466376,34,Female,7,2,9,27,Premium,Annual,73.83,13,1,Generated feedback 375
466377,64,Male,12,8,3,3,Basic,Quarterly,371.06,12,0,Generated feedback 376
466378,28,Female,22,3,2,4,Premium,Quarterly,461.85,24,1,Generated feedback 377
466379,49,Female,25,9,5,15,Standard,Quarterly,881.09,16,1,Generated feedback 378
466380,61,Female,7,9,2,12,Premium,Quarterly,519.12,4,0,Generated feedback 379
466381,27,Female,34,2,4,12,Premium,Monthly,59.01,23,0,Generated feedback 380
466382,68,Male,31,8,9,16,Standard,Annual,932.11,29,1,Generated feedback 381
466383,64,Female,7,3,0,1,Basic,Quarterly,819.6,8,0,Generated feedback 382
466384,39,Female,7,9,7,0,Standard,Monthly,215.03,19,1,Generated feedback 383
466385,59,Male,33,8,5,29,Basic,Monthly,521.14,27,1,Generated feedback 384
466386,52,Male,1,1,4,11,Standard,Quarterly,782.07,24,0,Generated feedback 385
466387,40,Male,14,7,1,15,Standard,Annual,473.75,16,0,Generated feedback 386
466388,33,Female,18,8,2,13,Standard,Annual,207.08,24,0,Generated feedback 387
466389,59,Male,5,1,0,18,Standard,Annual,119.82,14,1,Generated feedback 388
466390,57,Female,4,8,2,0,Basic,Annual,253.38,14,0,Generated feedback 389
466391,39,Male,19,1,9,17,Standard,Quarterly,250.8,7,0,Generated feedback 390
466392,41,Female,17,5,9,26,Premium,Quarterly,490.71,4,0,Generated feedback 391
466393,53,Female,3,1,5,23,Premium,Quarterly,926.84,26,1,Generated feedback 392
466394,63,Male,10,2,8,0,Premium,Monthly,165.37,28,1,Generated feedback 393
466395,33,Male,25,2,3,1,Standard,Quarterly,844.86,3,1,Generated feedback 394
466396,26,Male,3,7,9,27,Standard,Monthly,706.08,12,1,Generated feedback 395
466397,34,Male,17,4,7,12,Basic,Quarterly,816.55,7,1,Generated feedback 396
466398,42,Male,18,1,9,10,Premium,Annual,697.94,27,1,Generated feedback 397
466399,41,Male,5,3,9,23,Premium,Quarterly,877.29,28,1,Generated feedback 398
466400,62,Female,18,8,3,24,Standard,Annual,91.15,15,1,Generated feedback 399
466401,49,Male,20,2,3,1,Standard,Annual,353.21,17,1,Generated feedback 400
466402,29,Male,10,6,7,19,Premium,Monthly,374.09,25,0,Generated feedback 401
466403,59,Female,3,6,1,11,Basic,Annual,912.39,7,0,Generated feedback 402
466404,53,Female,9,9,8,7,Basic,Annual,94.69,20,0,Generated feedback 403
466405,30,Female,4,6,7,19,Standard,Quarterly,727.61,29,0,Generated feedback 404
466406,32,Male,28,9,5,17,Premium,Quarterly,662.6,6,0,Generated feedback 405
466407,37,Male,9,7,7,25,Basic,Annual,845.68,6,0,Generated feedback 406
466408,53,Male,5,7,2,28,Premium,Monthly,262.92,8,1,Generated feedback 407
466409,19,Female,11,4,8,16,Premium,Monthly,878.6,2,0,Generated feedback 408
466410,67,Female,9,5,0,29,Standard,Quarterly,737.96,8,1,Generated feedback 409
466411,68,Male,2,5,1,22,Basic,Monthly,455.08,1,0,Generated feedback 410
466412,47,Male,22,8,8,2,Premium,Quarterly,874.65,13,0,Generated feedback 411
466413,68,Male,15,5,9,28,Basic,Monthly,642.57,26,0,Generated feedback 412
466414,55,Male,31,4,3,14,Standard,Annual,576.82,10,1,Generated feedback 413
466415,62,Female,15,3,8,27,Standard,Quarterly,833.55,1,0,Generated feedback 414
466416,66,Male,11,1,6,22,Basic,Monthly,542.91,1,1,Generated feedback 415
466417,32,Male,21,7,0,11,Basic,Annual,966.67,7,1,Generated feedback 416
466418,31,Male,10,9,1,12,Standard,Annual,155.1,20,0,Generated feedback 417
466419,33,Male,18,5,8,3,Standard,Quarterly,537.76,1,1,Generated feedback 418
466420,21,Female,28,7,9,25,Premium,Quarterly,366.6,10,0,Generated feedback 419
466421,64,Male,8,3,5,1,Premium,Annual,919.67,20,1,Generated feedback 420
466422,61,Male,33,2,9,7,Basic,Monthly,185.68,18,1,Generated feedback 421
466423,31,Male,6,3,6,14,Premium,Annual,820.34,3,0,Generated feedback 422
466424,38,Female,22,6,3,22,Basic,Monthly,460.8,4,1,Generated feedback 423
466425,46,Male,32,1,5,18,Premium,Monthly,876.06,14,0,Generated feedback 424
466426,31,Female,4,9,2,14,Basic,Quarterly,261.15,5,0,Generated feedback 425
466427,42,Female,25,6,2,24,Standard,Annual,318.77,5,1,Generated feedback 426
466428,53,Female,14,2,1,16,Basic,Annual,349.96,13,0,Generated feedback 427
466429,56,Female,9,6,9,27,Standard,Annual,976.98,25,0,Generated feedback 428
466430,69,Female,35,2,7,15,Standard,Monthly,975.17,27,1,Generated feedback 429
466431,18,Male,34,5,3,4,Basic,Monthly,180.51,7,1,Generated feedback 430
466432,52,Male,22,8,9,6,Standard,Annual,138.66,13,1,Generated feedback 431
466433,69,Female,12,1,5,4,Standard,Annual,665.38,2,0,Generated feedback 432
466434,63,Male,8,7,8,17,Premium,Monthly,300.89,22,1,Generated feedback 433
466435,59,Male,25,1,3,12,Premium,Annual,998.31,20,1,Generated feedback 434
466436,68,Male,18,9,0,26,Premium,Quarterly,394.31,8,0,Generated feedback 435
466437,54,Male,26,3,1,11,Standard,Quarterly,348.55,9,1,Generated feedback 436
466438,65,Female,21,3,3,16,Standard,Monthly,193.78,14,0,Generated feedback 437
466439,53,Male,29,9,4,16,Standard,Quarterly,387.38,20,1,Generated feedback 438
466440,26,Female,31,5,1,10,Standard,Quarterly,986.1,18,0,Generated feedback 439
466441,57,Male,26,6,6,24,Premium,Annual,324.18,13,1,Generated feedback 440
466442,58,Male,21,1,3,23,Standard,Quarterly,619.79,16,0,Generated feedback 441
466443,61,Male,9,2,3,8,Basic,Annual,509.36,9,0,Generated feedback 442
466444,18,Female,5,6,0,6,Premium,Monthly,463.87,8,0,Generated feedback 443
466445,19,Female,2,4,3,3,Basic,Monthly,90.84,23,1,Generated feedback 444
466446,19,Male,18,6,5,26,Basic,Quarterly,124.12,3,0,Generated feedback 445
466447,51,Male,31,5,6,14,Basic,Annual,585.64,16,0,Generated feedback 446
466448,22,Male,1,7,0,14,Standard,Quarterly,311.35,11,0,Generated feedback 447
466449,26,Male,30,3,4,19,Premium,Monthly,116.75,9,0,Generated feedback 448
466450,58,Female,1,5,9,13,Premium,Annual,474.84,9,1,Generated feedback 449
466451,65,Male,8,1,3,2,Premium,Monthly,893.0,23,1,Generated feedback 450
466452,27,Male,10,6,4,1,Standard,Quarterly,481.61,26,0,Generated feedback 451
466453,58,Male,4,4,6,10,Standard,Quarterly,218.49,18,1,Generated feedback 452
466454,63,Female,14,1,2,27,Standard,Monthly,786.94,6,1,Generated feedback 453
466455,22,Female,2,7,1,24,Premium,Quarterly,432.3,27,0,Generated feedback 454
466456,38,Male,29,8,2,15,Premium,Annual,610.42,18,0,Generated feedback 455
466457,34,Female,33,6,2,22,Standard,Annual,696.96,26,1,Generated feedback 456
466458,46,Female,18,8,4,2,Premium,Monthly,904.24,23,0,Generated feedback 457
466459,47,Female,10,3,2,19,Premium,Monthly,981.08,3,0,Generated feedback 458
466460,31,Female,8,7,0,22,Premium,Annual,896.39,24,1,Generated feedback 459
466461,62,Female,14,6,3,11,Standard,Annual,900.26,22,0,Generated feedback 460
466462,53,Male,6,5,7,12,Basic,Annual,718.51,14,0,Generated feedback 461
466463,52,Male,31,6,4,10,Standard,Annual,816.52,7,0,Generated feedback 462
466464,47,Male,15,7,3,29,Basic,Quarterly,279.57,1,1,Generated feedback 463
466465,52,Male,16,5,3,24,Standard,Quarterly,477.97,15,1,Generated feedback 464
466466,57,Male,32,1,1,12,Basic,Annual,901.03,17,0,Generated feedback 465
466467,44,Female,9,2,2,8,Standard,Quarterly,558.8,10,0,Generated feedback 466
466468,58,Male,25,4,8,11,Standard,Quarterly,944.68,16,1,Generated feedback 467
466469,32,Female,7,5,2,8,Basic,Quarterly,967.36,14,1,Generated feedback 468
466470,46,Female,8,3,9,3,Basic,Annual,846.73,28,0,Generated feedback 469
466471,21,Male,33,4,1,16,Basic,Monthly,244.28,9,0,Generated feedback 470
466472,58,Female,3,1,9,13,Basic,Annual,593.75,2,0,Generated feedback 471
466473,47,Male,17,9,6,12,Premium,Quarterly,380.55,6,0,Generated feedback 472
466474,68,Female,18,3,5,0,Premium,Annual,294.32,26,1,Generated feedback 473
466475,33,Female,16,8,7,26,Basic,Annual,482.97,27,0,Generated feedback 474
466476,18,Male,17,7,6,12,Premium,Quarterly,839.22,16,0,Generated feedback 475
466477,65,Female,11,8,8,12,Premium,Annual,713.74,2,1,Generated feedback 476
466478,47,Female,34,4,2,26,Standard,Quarterly,343.65,15,0,Generated feedback 477
466479,39,Female,21,6,3,13,Basic,Quarterly,449.42,28,1,Generated feedback 478
466480,43,Male,17,7,1,1,Basic,Annual,590.28,14,1,Generated feedback 479
466481,66,Male,27,8,6,0,Premium,Monthly,641.53,26,1,Generated feedback 480
466482,41,Female,6,3,9,0,Basic,Monthly,958.03,26,0,Generated feedback 481
466483,47,Male,12,7,2,5,Standard,Annual,582.18,29,0,Generated feedback 482
466484,21,Female,26,8,6,2,Standard,Quarterly,321.05,8,1,Generated feedback 483
466485,47,Female,8,6,4,29,Standard,Annual,357.74,15,0,Generated feedback 484
466486,58,Male,26,5,7,24,Premium,Annual,804.75,8,1,Generated feedback 485
466487,55,Male,25,5,7,15,Standard,Quarterly,542.72,5,1,Generated feedback 486
466488,61,Female,24,3,4,8,Standard,Monthly,888.74,7,0,Generated feedback 487
466489,58,Male,16,1,9,11,Standard,Annual,245.8,18,1,Generated feedback 488
466490,62,Male,15,3,6,29,Standard,Annual,575.32,4,1,Generated feedback 489
466491,26,Female,3,1,2,19,Standard,Annual,854.02,15,1,Generated feedback 490
466492,18,Male,3,3,1,6,Standard,Annual,851.87,10,1,Generated feedback 491
466493,30,Female,22,6,7,2,Premium,Monthly,954.96,2,1,Generated feedback 492
466494,47,Male,3,6,9,22,Premium,Quarterly,370.04,15,0,Generated feedback 493
466495,27,Male,5,7,4,1,Basic,Quarterly,678.99,18,0,Generated feedback 494
466496,56,Male,8,4,4,23,Basic,Quarterly,933.07,14,1,Generated feedback 495
466497,24,Male,25,9,0,2,Premium,Quarterly,112.3,3,1,Generated feedback 496
466498,18,Male,3,5,3,5,Premium,Annual,537.7,3,1,Generated feedback 497
466499,62,Male,24,9,0,16,Premium,Annual,108.99,15,0,Generated feedback 498
466500,48,Female,4,4,4,25,Basic,Annual,741.1,21,0,Generated feedback 499
466501,36,Male,25,7,2,9,Standard,Monthly,863.74,3,1,Generated feedback 500
466502,38,Female,12,8,4,11,Basic,Quarterly,862.91,13,1,Generated feedback 501
466503,23,Female,10,2,7,0,Standard,Annual,513.65,27,0,Generated feedback 502
466504,38,Male,10,7,2,7,Standard,Quarterly,661.56,4,1,Generated feedback 503
466505,24,Male,20,2,3,9,Premium,Monthly,127.09,6,1,Generated feedback 504
466506,46,Female,18,8,9,25,Standard,Quarterly,802.71,21,1,Generated feedback 505
466507,56,Male,23,3,6,24,Premium,Annual,907.68,27,0,Generated feedback 506
466508,25,Female,6,3,5,12,Standard,Quarterly,614.5,14,1,Generated feedback 507
466509,19,Female,19,6,3,3,Standard,Quarterly,334.91,7,0,Generated feedback 508
466510,19,Female,11,8,5,25,Premium,Annual,658.36,27,0,Generated feedback 509
466511,60,Male,4,9,9,22,Premium,Monthly,281.24,19,0,Generated feedback 510
466512,61,Female,1,1,1,10,Basic,Quarterly,916.93,26,1,Generated feedback 511
466513,62,Female,15,8,9,13,Standard,Quarterly,183.52,24,1,Generated feedback 512
466514,55,Male,22,6,4,2,Standard,Annual,313.58,4,0,Generated feedback 513
466515,34,Male,14,8,3,14,Basic,Annual,657.38,7,0,Generated feedback 514
466516,44,Female,26,1,6,1,Premium,Monthly,450.53,11,1,Generated feedback 515
466517,62,Male,11,2,1,22,Basic,Monthly,701.38,29,0,Generated feedback 516
466518,62,Female,4,2,4,8,Premium,Quarterly,71.07,29,1,Generated feedback 517
466519,37,Male,11,7,2,27,Premium,Quarterly,823.69,29,1,Generated feedback 518
466520,69,Female,34,9,9,11,Basic,Quarterly,300.84,10,1,Generated feedback 519
466521,41,Male,32,9,3,27,Premium,Monthly,405.6,7,1,Generated feedback 520
466522,34,Female,34,4,4,28,Basic,Monthly,316.95,2,1,Generated feedback 521
466523,22,Male,33,2,5,2,Standard,Quarterly,206.04,4,1,Generated feedback 522
466524,67,Female,8,2,4,18,Standard,Quarterly,80.86,27,0,Generated feedback 523
466525,65,Female,31,1,9,4,Premium,Annual,677.02,27,1,Generated feedback 524
466526,63,Female,3,6,5,3,Premium,Annual,363.14,11,1,Generated feedback 525
466527,19,Female,27,2,8,25,Basic,Annual,461.16,29,1,Generated feedback 526
466528,52,Female,21,9,6,23,Basic,Monthly,877.46,18,1,Generated feedback 527
466529,66,Male,30,8,2,11,Basic,Monthly,464.98,7,0,Generated feedback 528
466530,53,Male,7,5,3,15,Standard,Annual,845.92,9,0,Generated feedback 529
466531,22,Male,14,4,9,4,Standard,Annual,388.94,9,1,Generated feedback 530
466532,69,Female,23,8,2,4,Standard,Annual,995.4,23,1,Generated feedback 531
466533,37,Female,33,7,6,27,Standard,Annual,878.76,29,0,Generated feedback 532
466534,41,Female,17,5,5,13,Standard,Monthly,497.71,2,0,Generated feedback 533
466535,30,Male,7,4,1,10,Basic,Monthly,587.65,9,1,Generated feedback 534
466536,53,Female,35,2,0,0,Basic,Quarterly,560.92,19,1,Generated feedback 535
466537,38,Male,8,1,6,20,Premium,Quarterly,517.23,18,1,Generated feedback 536
466538,38,Female,33,5,4,23,Basic,Annual,348.34,16,1,Generated feedback 537
466539,37,Male,22,6,6,29,Standard,Monthly,945.73,20,0,Generated feedback 538
466540,55,Male,18,8,6,21,Premium,Quarterly,154.1,25,0,Generated feedback 539
466541,60,Male,23,3,0,5,Standard,Monthly,358.0,8,0,Generated feedback 540
466542,47,Female,19,4,5,0,Basic,Annual,105.72,4,0,Generated feedback 541
466543,61,Female,29,3,4,15,Standard,Quarterly,54.95,29,1,Generated feedback 542
466544,29,Male,9,1,8,25,Standard,Monthly,226.73,8,0,Generated feedback 543
466545,39,Male,20,5,5,15,Premium,Monthly,644.57,6,1,Generated feedback 544
466546,18,Male,13,9,6,11,Premium,Quarterly,167.22,20,0,Generated feedback 545
466547,58,Female,22,5,7,3,Basic,Annual,573.71,14,1,Generated feedback 546
466548,26,Male,15,5,9,10,Basic,Monthly,426.86,2,0,Generated feedback 547
466549,43,Male,17,8,6,5,Standard,Monthly,797.05,25,0,Generated feedback 548
466550,26,Male,22,4,8,26,Basic,Monthly,555.59,2,1,Generated feedback 549
466551,56,Male,6,7,8,26,Premium,Monthly,955.08,4,0,Generated feedback 550
466552,64,Male,26,9,8,22,Basic,Quarterly,861.72,20,1,Generated feedback 551
466553,37,Female,4,5,3,3,Basic,Annual,228.04,8,1,Generated feedback 552
466554,20,Male,3,2,5,14,Standard,Quarterly,719.22,5,0,Generated feedback 553
466555,33,Female,33,2,8,9,Basic,Quarterly,67.14,16,0,Generated feedback 554
466556,25,Male,16,5,6,13,Basic,Annual,274.6,27,0,Generated feedback 555
466557,32,Male,25,2,1,13,Standard,Monthly,78.51,25,0,Generated feedback 556
466558,52,Female,32,8,5,16,Premium,Quarterly,878.85,12,0,Generated feedback 557
466559,58,Male,20,3,6,6,Basic,Quarterly,527.4,9,1,Generated feedback 558
466560,29,Female,16,2,2,6,Premium,Annual,218.7,1,0,Generated feedback 559
466561,35,Female,7,9,1,23,Premium,Monthly,978.85,15,1,Generated feedback 560
466562,55,Female,18,2,4,21,Standard,Monthly,470.73,1,1,Generated feedback 561
466563,67,Female,4,5,5,0,Premium,Monthly,423.45,24,0,Generated feedback 562
466564,60,Male,30,2,9,13,Premium,Annual,669.79,12,1,Generated feedback 563
466565,36,Female,6,5,0,8,Basic,Annual,381.59,14,1,Generated feedback 564
466566,67,Male,29,9,5,13,Basic,Monthly,466.92,1,1,Generated feedback 565
466567,43,Male,9,9,8,26,Premium,Quarterly,560.64,6,1,Generated feedback 566
466568,29,Male,32,3,9,14,Premium,Annual,698.55,8,0,Generated feedback 567
466569,45,Female,6,7,0,20,Standard,Quarterly,309.99,1,0,Generated feedback 568
466570,69,Female,9,2,6,29,Basic,Monthly,848.41,9,0,Generated feedback 569
466571,42,Female,4,2,4,13,Standard,Annual,324.26,28,1,Generated feedback 570
466572,26,Male,8,7,0,3,Premium,Quarterly,245.85,12,1,Generated feedback 571
466573,48,Female,9,3,0,15,Basic,Quarterly,465.21,13,0,Generated feedback 572
466574,48,Male,3,3,7,0,Premium,Annual,146.97,1,1,Generated feedback 573
466575,41,Male,27,5,0,19,Premium,Monthly,315.42,26,0,Generated feedback 574
466576,20,Female,13,4,6,13,Premium,Quarterly,477.03,16,0,Generated feedback 575
466577,36,Female,23,9,5,23,Premium,Quarterly,596.54,21,0,Generated feedback 576
466578,35,Male,25,8,5,26,Premium,Quarterly,140.16,13,1,Generated feedback 577
466579,28,Female,7,9,7,5,Basic,Monthly,145.24,16,0,Generated feedback 578
466580,43,Female,12,7,9,5,Basic,Annual,427.15,19,0,Generated feedback 579
466581,69,Male,16,7,1,11,Basic,Quarterly,585.18,26,1,Generated feedback 580
466582,62,Male,21,8,8,2,Basic,Monthly,455.28,1,1,Generated feedback 581
466583,30,Male,35,3,7,5,Basic,Monthly,651.61,21,1,Generated feedback 582
466584,69,Male,15,2,8,3,Premium,Quarterly,165.53,6,1,Generated feedback 583
466585,21,Male,30,8,9,2,Standard,Quarterly,784.13,27,0,Generated feedback 584
466586,58,Female,12,6,5,2,Standard,Annual,153.97,19,0,Generated feedback 585
466587,37,Female,26,7,4,15,Premium,Monthly,142.55,17,0,Generated feedback 586
466588,66,Male,1,5,6,11,Standard,Monthly,615.03,19,0,Generated feedback 587
466589,52,Female,20,9,6,27,Premium,Monthly,228.94,18,1,Generated feedback 588
466590,44,Female,20,1,6,20,Premium,Quarterly,928.19,29,1,Generated feedback 589
466591,35,Female,17,5,5,3,Basic,Monthly,232.14,27,0,Generated feedback 590
466592,68,Male,17,4,8,25,Premium,Quarterly,619.75,5,0,Generated feedback 591
466593,64,Female,15,2,3,27,Premium,Monthly,185.1,16,1,Generated feedback 592
466594,18,Female,29,3,1,19,Basic,Quarterly,242.06,19,1,Generated feedback 593
466595,59,Male,17,1,7,19,Standard,Monthly,190.59,19,1,Generated feedback 594
466596,51,Female,1,7,7,9,Basic,Annual,120.59,7,0,Generated feedback 595
466597,57,Female,20,7,4,9,Standard,Quarterly,213.52,22,1,Generated feedback 596
466598,66,Female,24,4,8,22,Standard,Monthly,914.91,14,1,Generated feedback 597
466599,48,Female,14,4,2,25,Premium,Quarterly,624.2,26,0,Generated feedback 598
466600,37,Female,14,3,7,28,Standard,Quarterly,311.56,11,0,Generated feedback 599
466601,63,Male,13,6,5,11,Basic,Monthly,707.81,17,1,Generated feedback 600
466602,50,Male,3,5,8,13,Basic,Quarterly,927.35,27,0,Generated feedback 601
466603,28,Male,11,9,0,3,Basic,Annual,669.22,27,0,Generated feedback 602
466604,64,Male,6,4,8,6,Basic,Quarterly,429.3,4,1,Generated feedback 603
466605,47,Female,22,8,8,8,Basic,Monthly,321.01,23,1,Generated feedback 604
466606,45,Female,14,7,5,19,Basic,Annual,594.63,29,0,Generated feedback 605
466607,61,Female,22,4,8,4,Premium,Quarterly,763.82,6,0,Generated feedback 606
466608,33,Female,4,3,5,22,Standard,Quarterly,184.69,13,0,Generated feedback 607
466609,67,Female,8,4,6,22,Basic,Quarterly,446.37,17,0,Generated feedback 608
466610,50,Female,6,4,0,15,Premium,Monthly,54.62,20,1,Generated feedback 609
466611,67,Male,1,8,6,15,Premium,Quarterly,323.98,4,1,Generated feedback 610
466612,43,Male,9,8,8,6,Premium,Quarterly,254.14,23,0,Generated feedback 611
466613,45,Male,6,7,4,8,Standard,Monthly,892.23,1,0,Generated feedback 612
466614,46,Female,22,5,0,16,Basic,Annual,320.12,9,0,Generated feedback 613
466615,26,Male,25,6,5,14,Standard,Monthly,700.14,11,1,Generated feedback 614
466616,58,Male,23,8,2,5,Basic,Monthly,932.95,21,1,Generated feedback 615
466617,27,Male,16,1,0,13,Basic,Annual,148.69,28,0,Generated feedback 616
466618,58,Female,26,2,6,7,Basic,Annual,565.21,29,1,Generated feedback 617
466619,63,Male,8,2,7,14,Premium,Monthly,263.38,28,1,Generated feedback 618
466620,51,Male,23,5,0,13,Premium,Annual,787.56,4,0,Generated feedback 619
466621,44,Male,9,9,5,26,Standard,Quarterly,473.31,23,1,Generated feedback 620
466622,69,Male,15,4,8,22,Standard,Monthly,980.31,29,1,Generated feedback 621
466623,25,Female,23,9,0,18,Standard,Quarterly,735.76,19,0,Generated feedback 622
466624,35,Female,30,1,9,8,Basic,Monthly,163.61,16,0,Generated feedback 623
466625,23,Female,9,6,3,9,Premium,Monthly,780.76,24,1,Generated feedback 624
466626,32,Male,13,7,7,7,Standard,Quarterly,701.09,1,1,Generated feedback 625
466627,55,Male,11,4,2,11,Standard,Quarterly,741.58,2,1,Generated feedback 626
466628,19,Female,14,7,9,2,Basic,Annual,874.19,27,0,Generated feedback 627
466629,55,Female,18,1,2,19,Basic,Annual,124.1,9,0,Generated feedback 628
466630,60,Male,21,1,9,1,Basic,Monthly,118.08,24,0,Generated feedback 629
466631,53,Male,20,6,4,4,Standard,Monthly,326.31,25,0,Generated feedback 630
466632,55,Male,15,1,4,11,Premium,Monthly,503.39,6,0,Generated feedback 631
466633,33,Female,27,8,7,26,Standard,Annual,239.28,11,1,Generated feedback 632
466634,51,Female,7,7,5,1,Basic,Quarterly,134.49,5,0,Generated feedback 633
466635,24,Male,8,9,6,19,Basic,Quarterly,261.68,8,0,Generated feedback 634
466636,46,Female,2,4,4,0,Premium,Annual,205.1,22,1,Generated feedback 635
466637,26,Male,18,1,2,20,Standard,Monthly,815.17,9,0,Generated feedback 636
466638,37,Female,19,6,3,26,Standard,Quarterly,764.14,6,1,Generated feedback 637
466639,66,Male,2,9,1,15,Standard,Annual,229.38,9,0,Generated feedback 638
466640,31,Male,15,3,0,29,Premium,Quarterly,873.4,6,1,Generated feedback 639
466641,50,Female,8,3,5,25,Standard,Quarterly,515.4,20,1,Generated feedback 640
466642,58,Male,13,2,3,13,Premium,Monthly,477.14,5,0,Generated feedback 641
466643,68,Male,35,9,0,26,Basic,Quarterly,758.3,14,1,Generated feedback 642
466644,50,Female,24,1,7,1,Standard,Monthly,853.44,21,0,Generated feedback 643
466645,68,Female,1,6,3,12,Premium,Quarterly,865.5,20,1,Generated feedback 644
466646,54,Female,7,8,2,6,Standard,Quarterly,675.69,11,0,Generated feedback 645
466647,31,Male,14,7,8,4,Premium,Quarterly,51.18,26,1,Generated feedback 646
466648,57,Female,33,9,3,9,Standard,Monthly,667.92,1,1,Generated feedback 647
466649,62,Female,15,1,2,8,Premium,Monthly,944.97,28,1,Generated feedback 648
466650,19,Female,3,5,0,21,Basic,Quarterly,972.8,9,0,Generated feedback 649
466651,47,Female,14,1,0,9,Basic,Annual,226.06,7,1,Generated feedback 650
466652,61,Female,12,3,3,13,Standard,Monthly,202.61,3,0,Generated feedback 651
466653,28,Female,19,2,2,6,Standard,Quarterly,866.9,13,0,Generated feedback 652
466654,34,Female,15,5,3,16,Standard,Quarterly,819.44,12,1,Generated feedback 653
466655,31,Female,20,2,7,16,Premium,Annual,665.82,27,1,Generated feedback 654
466656,21,Female,1,8,6,23,Standard,Annual,710.24,28,1,Generated feedback 655
466657,29,Female,14,6,4,13,Premium,Monthly,758.2,6,0,Generated feedback 656
466658,43,Female,32,9,1,15,Premium,Monthly,318.05,23,0,Generated feedback 657
466659,54,Male,25,9,6,20,Standard,Annual,228.57,10,0,Generated feedback 658
466660,31,Male,24,3,0,1,Standard,Quarterly,603.76,5,0,Generated feedback 659
466661,47,Female,13,5,8,20,Basic,Quarterly,555.02,10,0,Generated feedback 660
466662,23,Male,7,1,7,2,Basic,Annual,946.91,12,0,Generated feedback 661
466663,39,Female,1,5,4,2,Premium,Quarterly,621.89,1,0,Generated feedback 662
466664,54,Male,9,1,3,25,Standard,Monthly,319.84,18,0,Generated feedback 663
466665,24,Male,22,2,0,24,Standard,Quarterly,446.33,21,1,Generated feedback 664
466666,63,Female,32,2,1,21,Premium,Quarterly,246.25,14,0,Generated feedback 665
466667,46,Male,15,9,2,7,Premium,Quarterly,193.44,8,1,Generated feedback 666
466668,30,Male,23,5,7,27,Standard,Annual,862.17,5,0,Generated feedback 667
466669,25,Female,22,6,6,29,Basic,Monthly,973.8,28,0,Generated feedback 668
466670,65,Male,28,9,5,26,Standard,Monthly,622.34,7,0,Generated feedback 669
466671,24,Male,14,9,8,11,Premium,Quarterly,387.98,16,0,Generated feedback 670
466672,22,Male,3,8,3,1,Standard,Monthly,301.58,7,0,Generated feedback 671
466673,19,Male,13,5,9,19,Standard,Annual,519.82,3,1,Generated feedback 672
466674,47,Male,35,5,2,5,Basic,Quarterly,386.97,18,0,Generated feedback 673
466675,49,Female,7,1,7,23,Basic,Annual,757.38,4,1,Generated feedback 674
466676,27,Male,9,8,1,3,Standard,Annual,849.09,2,1,Generated feedback 675
466677,60,Female,5,3,9,4,Premium,Monthly,332.31,29,1,Generated feedback 676
466678,48,Male,10,1,7,22,Premium,Quarterly,390.98,11,0,Generated feedback 677
466679,67,Female,9,6,0,4,Basic,Monthly,588.62,18,0,Generated feedback 678
466680,40,Male,18,3,2,18,Standard,Annual,539.58,14,0,Generated feedback 679
466681,56,Male,4,2,7,2,Basic,Quarterly,324.02,9,0,Generated feedback 680
466682,50,Male,34,5,6,13,Premium,Annual,193.54,7,1,Generated feedback 681
466683,28,Male,14,3,8,27,Standard,Annual,272.33,15,0,Generated feedback 682
466684,62,Female,34,8,1,15,Basic,Monthly,491.27,12,1,Generated feedback 683
466685,67,Female,8,9,7,22,Basic,Monthly,186.49,22,0,Generated feedback 684
466686,64,Male,13,3,1,26,Standard,Quarterly,317.12,8,1,Generated feedback 685
466687,63,Female,26,7,6,26,Premium,Annual,238.34,27,0,Generated feedback 686
466688,53,Male,27,9,7,14,Premium,Monthly,377.62,18,1,Generated feedback 687
466689,56,Female,18,1,4,13,Basic,Annual,735.21,28,1,Generated feedback 688
466690,36,Male,32,7,6,23,Basic,Monthly,651.13,3,1,Generated feedback 689
466691,63,Male,26,4,1,1,Premium,Monthly,722.7,27,1,Generated feedback 690
466692,59,Male,34,1,9,9,Premium,Annual,326.71,14,0,Generated feedback 691
466693,54,Male,28,3,9,8,Basic,Monthly,658.47,2,0,Generated feedback 692
466694,65,Male,22,3,9,19,Premium,Quarterly,766.06,21,1,Generated feedback 693
466695,46,Male,30,1,4,23,Standard,Annual,943.12,6,1,Generated feedback 694
466696,49,Male,18,4,2,7,Basic,Annual,532.06,26,0,Generated feedback 695
466697,29,Male,25,3,3,8,Standard,Quarterly,364.5,5,1,Generated feedback 696
466698,39,Female,23,1,3,20,Standard,Annual,206.99,20,0,Generated feedback 697
466699,40,Male,11,2,0,2,Basic,Quarterly,865.12,28,1,Generated feedback 698
466700,19,Male,3,4,4,22,Standard,Monthly,673.46,28,1,Generated feedback 699
466701,60,Male,7,5,7,19,Standard,Quarterly,68.89,19,0,Generated feedback 700
466702,60,Female,1,6,1,6,Premium,Quarterly,350.92,5,1,Generated feedback 701
466703,57,Male,28,8,5,0,Basic,Monthly,387.07,9,0,Generated feedback 702
466704,64,Male,25,1,8,2,Standard,Quarterly,739.44,11,0,Generated feedback 703
466705,20,Female,20,7,0,4,Standard,Monthly,707.12,28,1,Generated feedback 704
466706,32,Female,21,4,5,5,Basic,Monthly,185.43,16,0,Generated feedback 705
466707,67,Male,29,1,3,13,Premium,Monthly,996.04,29,0,Generated feedback 706
466708,48,Male,20,1,7,12,Premium,Monthly,346.32,29,0,Generated feedback 707
466709,61,Female,2,9,8,1,Premium,Monthly,580.98,28,0,Generated feedback 708
466710,60,Female,21,4,0,24,Premium,Annual,679.8,23,0,Generated feedback 709
466711,41,Male,1,9,2,21,Basic,Annual,64.8,13,0,Generated feedback 710
466712,51,Female,34,5,9,4,Basic,Monthly,324.82,19,1,Generated feedback 711
466713,25,Male,3,1,5,25,Premium,Monthly,620.51,10,0,Generated feedback 712
466714,61,Female,19,4,8,18,Premium,Monthly,981.63,21,1,Generated feedback 713
466715,67,Male,28,9,4,18,Standard,Monthly,989.28,28,0,Generated feedback 714
466716,47,Male,13,6,9,13,Premium,Annual,876.31,7,0,Generated feedback 715
466717,33,Female,26,5,6,29,Standard,Monthly,314.83,28,0,Generated feedback 716
466718,19,Female,26,1,2,21,Standard,Annual,270.04,5,0,Generated feedback 717
466719,47,Female,27,2,1,27,Basic,Annual,997.14,1,1,Generated feedback 718
466720,29,Female,6,4,2,16,Premium,Annual,290.77,5,1,Generated feedback 719
466721,30,Female,4,5,9,17,Premium,Monthly,395.35,18,0,Generated feedback 720
466722,31,Female,29,5,4,16,Premium,Quarterly,817.69,18,0,Generated feedback 721
466723,27,Female,21,4,2,0,Basic,Annual,58.63,18,0,Generated feedback 722
466724,25,Male,2,1,4,12,Premium,Monthly,267.71,5,1,Generated feedback 723
466725,57,Female,15,4,2,3,Premium,Monthly,866.16,24,1,Generated feedback 724
466726,44,Male,23,7,1,17,Basic,Annual,928.49,3,1,Generated feedback 725
466727,29,Male,26,5,5,18,Basic,Monthly,635.84,7,0,Generated feedback 726
466728,56,Female,17,9,8,5,Basic,Annual,635.99,7,0,Generated feedback 727
466729,37,Male,30,7,2,19,Premium,Monthly,854.66,28,0,Generated feedback 728
466730,69,Male,12,7,3,16,Premium,Quarterly,610.67,14,1,Generated feedback 729
466731,42,Female,23,9,9,5,Standard,Monthly,425.16,6,0,Generated feedback 730
466732,58,Female,10,9,2,1,Basic,Monthly,363.94,15,1,Generated feedback 731
466733,39,Male,29,4,1,20,Premium,Quarterly,489.91,9,0,Generated feedback 732
466734,20,Female,6,8,2,1,Premium,Annual,143.28,8,1,Generated feedback 733
466735,63,Male,10,3,4,25,Premium,Monthly,992.06,28,1,Generated feedback 734
466736,30,Male,13,8,1,20,Basic,Annual,139.2,2,0,Generated feedback 735
466737,25,Male,28,8,6,7,Premium,Monthly,358.58,23,0,Generated feedback 736
466738,26,Male,6,5,0,5,Premium,Monthly,106.63,19,1,Generated feedback 737
466739,69,Female,2,5,6,22,Basic,Quarterly,153.92,19,1,Generated feedback 738
466740,67,Female,5,9,7,14,Premium,Monthly,986.54,2,1,Generated feedback 739
466741,28,Female,19,1,7,11,Basic,Monthly,838.83,8,1,Generated feedback 740
466742,58,Female,32,9,9,29,Standard,Annual,422.01,25,0,Generated feedback 741
466743,28,Female,20,8,9,7,Standard,Quarterly,330.08,17,0,Generated feedback 742
466744,28,Female,22,7,5,21,Basic,Annual,624.79,23,1,Generated feedback 743
466745,36,Male,15,4,6,22,Premium,Quarterly,989.05,21,1,Generated feedback 744
466746,35,Female,20,4,3,25,Basic,Quarterly,346.32,9,1,Generated feedback 745
466747,37,Male,6,8,4,6,Premium,Monthly,575.0,24,0,Generated feedback 746
466748,45,Male,35,7,2,5,Standard,Quarterly,640.28,6,1,Generated feedback 747
466749,23,Female,24,5,9,14,Basic,Monthly,147.65,13,1,Generated feedback 748
466750,66,Female,34,8,7,10,Standard,Annual,129.1,22,0,Generated feedback 749
466751,57,Female,12,6,0,2,Basic,Annual,582.17,24,0,Generated feedback 750
466752,32,Male,32,1,6,23,Basic,Quarterly,440.24,18,1,Generated feedback 751
466753,58,Female,13,2,9,7,Basic,Annual,574.73,1,1,Generated feedback 752
466754,67,Male,5,5,8,10,Premium,Quarterly,498.13,5,0,Generated feedback 753
466755,26,Female,21,2,4,27,Basic,Quarterly,544.2,29,0,Generated feedback 754
466756,25,Male,21,5,8,14,Premium,Quarterly,89.42,4,0,Generated feedback 755
466757,34,Female,3,8,4,2,Standard,Quarterly,276.2,16,0,Generated feedback 756
466758,41,Male,30,4,6,21,Standard,Monthly,685.67,8,0,Generated feedback 757
466759,50,Female,7,7,0,17,Standard,Quarterly,294.76,7,0,Generated feedback 758
466760,67,Female,19,1,9,29,Basic,Quarterly,173.49,14,0,Generated feedback 759
466761,25,Male,32,3,0,3,Basic,Monthly,295.87,27,0,Generated feedback 760
466762,51,Female,3,1,2,21,Premium,Annual,181.51,11,1,Generated feedback 761
466763,46,Female,25,8,8,2,Premium,Quarterly,268.92,25,0,Generated feedback 762
466764,40,Female,14,1,6,0,Standard,Monthly,379.09,6,0,Generated feedback 763
466765,40,Male,24,4,1,6,Premium,Annual,118.9,8,0,Generated feedback 764
466766,41,Male,18,1,8,8,Standard,Monthly,112.88,22,0,Generated feedback 765
466767,33,Female,29,6,7,18,Premium,Annual,515.89,27,0,Generated feedback 766
466768,53,Male,35,3,7,20,Standard,Quarterly,567.07,25,1,Generated feedback 767
466769,30,Female,19,1,8,12,Premium,Monthly,446.68,28,1,Generated feedback 768
466770,23,Female,21,9,3,8,Standard,Monthly,828.11,4,0,Generated feedback 769
466771,48,Female,9,2,1,11,Standard,Annual,274.33,23,0,Generated feedback 770
466772,26,Male,4,4,7,14,Basic,Monthly,848.13,16,1,Generated feedback 771
466773,36,Female,33,5,2,25,Standard,Monthly,479.86,12,0,Generated feedback 772
466774,66,Female,11,6,6,19,Basic,Annual,699.72,23,1,Generated feedback 773
466775,61,Male,30,2,0,25,Standard,Monthly,324.57,25,0,Generated feedback 774
466776,20,Male,21,5,3,18,Premium,Monthly,695.4,29,0,Generated feedback 775
466777,42,Male,31,1,1,19,Premium,Quarterly,119.53,10,0,Generated feedback 776
466778,39,Male,34,5,3,29,Premium,Annual,922.8,15,0,Generated feedback 777
466779,51,Male,21,1,0,6,Basic,Monthly,69.96,16,0,Generated feedback 778
466780,59,Male,17,4,6,14,Standard,Monthly,942.37,9,1,Generated feedback 779
466781,60,Male,20,4,8,0,Basic,Quarterly,337.13,6,0,Generated feedback 780
466782,53,Female,7,1,0,6,Standard,Monthly,621.1,23,0,Generated feedback 781
466783,51,Male,35,3,3,0,Premium,Annual,321.08,26,1,Generated feedback 782
466784,64,Female,2,8,9,13,Basic,Monthly,510.91,11,0,Generated feedback 783
466785,38,Male,3,5,5,9,Standard,Quarterly,751.57,21,1,Generated feedback 784
466786,24,Male,12,5,9,5,Basic,Monthly,966.29,12,0,Generated feedback 785
466787,46,Female,18,9,8,19,Standard,Annual,378.38,23,1,Generated feedback 786
466788,55,Male,23,5,3,6,Premium,Monthly,238.01,17,0,Generated feedback 787
466789,35,Male,8,8,3,15,Premium,Annual,187.24,18,1,Generated feedback 788
466790,44,Female,22,1,0,12,Standard,Quarterly,357.0,18,0,Generated feedback 789
466791,39,Male,8,1,9,24,Premium,Quarterly,457.77,15,0,Generated feedback 790
466792,38,Female,19,7,8,8,Premium,Annual,516.0,28,0,Generated feedback 791
466793,56,Male,4,3,0,24,Basic,Quarterly,470.68,5,1,Generated feedback 792
466794,30,Female,22,6,1,2,Premium,Monthly,359.44,17,1,Generated feedback 793
466795,61,Female,34,6,0,10,Basic,Annual,356.04,24,1,Generated feedback 794
466796,60,Male,13,5,9,8,Standard,Annual,960.38,20,1,Generated feedback 795
466797,69,Male,7,3,9,25,Standard,Annual,224.1,16,1,Generated feedback 796
466798,59,Male,33,3,7,4,Basic,Annual,404.38,7,0,Generated feedback 797
466799,51,Female,8,4,9,19,Basic,Quarterly,439.05,20,0,Generated feedback 798
466800,57,Female,21,9,3,9,Basic,Quarterly,999.62,19,0,Generated feedback 799
466801,65,Female,27,5,9,4,Premium,Annual,944.72,11,0,Generated feedback 800
466802,64,Male,30,6,0,24,Premium,Monthly,950.73,13,1,Generated feedback 801
466803,28,Female,6,8,0,5,Standard,Monthly,167.53,27,1,Generated feedback 802
466804,44,Female,25,8,2,0,Premium,Monthly,123.64,15,1,Generated feedback 803
466805,33,Female,2,3,0,22,Premium,Annual,801.37,12,0,Generated feedback 804
466806,53,Female,23,4,3,21,Standard,Quarterly,354.18,18,0,Generated feedback 805
466807,55,Male,31,3,7,13,Basic,Annual,445.75,25,1,Generated feedback 806
466808,57,Male,10,2,1,2,Basic,Quarterly,908.23,2,0,Generated feedback 807
466809,65,Male,9,5,3,22,Basic,Monthly,934.04,1,0,Generated feedback 808
466810,64,Male,9,7,1,26,Premium,Quarterly,780.46,22,0,Generated feedback 809
466811,51,Female,32,5,8,13,Basic,Quarterly,808.15,1,1,Generated feedback 810
466812,61,Male,10,8,5,12,Standard,Annual,172.43,28,1,Generated feedback 811
466813,46,Male,31,9,1,20,Standard,Quarterly,664.02,10,1,Generated feedback 812
466814,57,Male,28,6,6,17,Premium,Quarterly,554.58,9,1,Generated feedback 813
466815,36,Male,24,5,5,2,Basic,Monthly,653.56,2,1,Generated feedback 814
466816,30,Male,16,4,6,27,Basic,Monthly,643.51,19,1,Generated feedback 815
466817,25,Male,30,5,9,3,Basic,Quarterly,309.88,13,0,Generated feedback 816
466818,62,Female,24,7,5,7,Standard,Quarterly,440.52,19,1,Generated feedback 817
466819,39,Female,9,5,4,4,Basic,Quarterly,261.24,11,1,Generated feedback 818
466820,56,Male,7,1,2,5,Premium,Annual,962.05,15,0,Generated feedback 819
466821,19,Male,6,2,4,22,Basic,Annual,676.02,28,1,Generated feedback 820
466822,31,Male,2,6,8,12,Standard,Quarterly,503.0,6,1,Generated feedback 821
466823,18,Male,22,9,0,25,Premium,Annual,357.4,3,1,Generated feedback 822
466824,51,Female,33,2,1,25,Premium,Quarterly,671.98,1,0,Generated feedback 823
466825,65,Male,12,4,6,13,Standard,Monthly,433.89,21,0,Generated feedback 824
466826,59,Female,9,7,8,5,Basic,Monthly,469.2,4,0,Generated feedback 825
466827,24,Female,4,5,7,6,Basic,Annual,959.86,15,1,Generated feedback 826
466828,31,Female,11,2,5,1,Premium,Annual,470.0,12,0,Generated feedback 827
466829,52,Male,13,5,2,19,Standard,Annual,359.53,20,1,Generated feedback 828
466830,52,Female,17,2,9,11,Basic,Annual,330.9,26,0,Generated feedback 829
466831,20,Female,24,7,0,29,Basic,Monthly,778.45,9,0,Generated feedback 830
466832,55,Male,11,9,9,8,Standard,Quarterly,874.22,22,0,Generated feedback 831
466833,25,Female,17,5,6,9,Basic,Monthly,310.99,19,1,Generated feedback 832
466834,45,Female,21,2,8,16,Premium,Quarterly,869.89,7,0,Generated feedback 833
466835,46,Female,26,1,1,20,Basic,Annual,625.0,7,1,Generated feedback 834
466836,56,Male,8,3,4,25,Basic,Annual,517.38,11,0,Generated feedback 835
466837,66,Male,35,5,1,29,Premium,Quarterly,500.41,15,0,Generated feedback 836
466838,40,Female,21,1,3,17,Basic,Monthly,809.49,26,0,Generated feedback 837
466839,25,Female,14,3,0,2,Basic,Quarterly,355.67,8,1,Generated feedback 838
466840,58,Female,1,8,5,6,Standard,Monthly,917.75,14,0,Generated feedback 839
466841,38,Female,35,9,4,27,Basic,Monthly,733.41,23,0,Generated feedback 840
466842,19,Male,27,7,5,26,Premium,Quarterly,521.4,13,0,Generated feedback 841
466843,55,Male,32,4,3,13,Standard,Annual,487.55,12,1,Generated feedback 842
466844,28,Female,17,7,4,22,Basic,Monthly,569.81,18,0,Generated feedback 843
466845,53,Male,4,6,4,8,Standard,Monthly,939.09,15,1,Generated feedback 844
466846,59,Male,19,1,1,24,Basic,Quarterly,839.39,25,0,Generated feedback 845
466847,49,Male,33,2,1,15,Standard,Annual,638.83,22,0,Generated feedback 846
466848,46,Male,22,7,9,21,Premium,Quarterly,76.77,23,1,Generated feedback 847
466849,25,Male,2,7,6,6,Basic,Monthly,976.91,11,1,Generated feedback 848
466850,22,Female,33,5,2,12,Basic,Monthly,307.41,7,1,Generated feedback 849
466851,25,Female,26,4,5,1,Premium,Monthly,765.44,2,1,Generated feedback 850
466852,66,Female,18,4,2,23,Basic,Annual,134.09,23,1,Generated feedback 851
466853,46,Male,20,2,4,3,Standard,Monthly,729.49,9,1,Generated feedback 852
466854,69,Female,28,7,7,10,Standard,Monthly,881.59,21,1,Generated feedback 853
466855,21,Male,2,3,3,4,Standard,Quarterly,183.33,23,1,Generated feedback 854
466856,51,Male,28,4,1,29,Basic,Quarterly,593.14,27,0,Generated feedback 855
466857,31,Male,31,7,6,4,Premium,Annual,675.28,12,1,Generated feedback 856
466858,19,Female,24,1,7,29,Premium,Annual,520.51,10,1,Generated feedback 857
466859,20,Female,9,8,6,18,Premium,Annual,504.86,11,0,Generated feedback 858
466860,62,Male,25,3,5,27,Standard,Annual,238.74,21,0,Generated feedback 859
466861,45,Male,34,7,8,16,Basic,Annual,806.04,21,1,Generated feedback 860
466862,55,Male,5,1,6,13,Basic,Annual,601.22,14,1,Generated feedback 861
466863,31,Female,33,3,1,11,Basic,Annual,501.29,2,1,Generated feedback 862
466864,68,Female,7,4,9,23,Basic,Monthly,208.15,18,1,Generated feedback 863
466865,28,Male,28,8,3,21,Basic,Monthly,701.42,16,1,Generated feedback 864
466866,25,Male,26,6,9,6,Premium,Quarterly,165.15,16,1,Generated feedback 865
466867,19,Female,31,9,5,22,Standard,Monthly,59.77,18,0,Generated feedback 866
466868,31,Female,18,1,6,19,Basic,Annual,769.11,3,1,Generated feedback 867
466869,41,Female,30,7,8,27,Basic,Annual,67.62,20,1,Generated feedback 868
466870,63,Male,9,6,1,29,Standard,Quarterly,197.95,20,1,Generated feedback 869
466871,40,Male,2,4,0,24,Standard,Monthly,56.02,21,0,Generated feedback 870
466872,55,Female,2,9,5,0,Basic,Annual,793.91,26,1,Generated feedback 871
466873,30,Male,35,1,6,23,Premium,Quarterly,89.02,17,0,Generated feedback 872
466874,52,Female,19,6,3,19,Standard,Quarterly,329.21,25,0,Generated feedback 873
466875,22,Male,31,9,5,11,Standard,Quarterly,918.49,16,0,Generated feedback 874
466876,68,Female,23,8,6,26,Basic,Annual,483.5,26,1,Generated feedback 875
466877,46,Male,28,1,8,9,Standard,Monthly,152.79,4,0,Generated feedback 876
466878,28,Female,20,9,6,19,Basic,Annual,596.66,14,0,Generated feedback 877
466879,64,Female,14,2,6,0,Premium,Monthly,171.99,2,1,Generated feedback 878
466880,34,Female,1,9,6,2,Standard,Monthly,549.5,21,1,Generated feedback 879
466881,50,Male,11,9,4,19,Standard,Annual,128.53,6,0,Generated feedback 880
466882,49,Male,9,7,3,0,Standard,Annual,979.9,23,1,Generated feedback 881
466883,50,Female,7,9,0,3,Premium,Monthly,582.4,17,0,Generated feedback 882
466884,23,Male,1,8,1,15,Standard,Quarterly,399.24,4,0,Generated feedback 883
466885,62,Female,22,5,8,18,Basic,Quarterly,782.58,27,1,Generated feedback 884
466886,28,Female,6,7,9,29,Standard,Quarterly,582.35,3,1,Generated feedback 885
466887,57,Male,26,8,4,28,Standard,Annual,343.97,28,1,Generated feedback 886
466888,28,Female,17,2,1,2,Premium,Monthly,561.95,1,0,Generated feedback 887
466889,67,Female,26,3,2,9,Basic,Quarterly,510.39,21,0,Generated feedback 888
466890,61,Female,29,2,9,0,Premium,Quarterly,216.44,29,0,Generated feedback 889
466891,36,Female,22,2,5,6,Standard,Monthly,365.44,25,0,Generated feedback 890
466892,63,Male,5,2,4,20,Basic,Quarterly,50.84,14,0,Generated feedback 891
466893,40,Female,11,7,5,16,Premium,Quarterly,621.49,5,1,Generated feedback 892
466894,30,Female,28,3,5,4,Basic,Quarterly,519.48,7,0,Generated feedback 893
466895,48,Female,1,2,3,13,Standard,Quarterly,881.89,9,0,Generated feedback 894
466896,19,Female,15,3,2,3,Premium,Monthly,192.77,17,1,Generated feedback 895
466897,41,Male,29,6,3,9,Basic,Monthly,149.84,15,0,Generated feedback 896
466898,19,Male,34,6,0,25,Premium,Quarterly,888.46,22,1,Generated feedback 897
466899,57,Female,25,6,4,13,Basic,Quarterly,931.64,22,1,Generated feedback 898
466900,45,Female,1,8,3,18,Basic,Monthly,412.7,4,1,Generated feedback 899
466901,45,Female,14,1,1,3,Premium,Annual,901.28,9,0,Generated feedback 900
466902,41,Male,33,1,2,1,Premium,Quarterly,694.6,16,1,Generated feedback 901
466903,61,Male,26,6,1,23,Basic,Annual,645.3,17,1,Generated feedback 902
466904,40,Female,25,8,1,6,Basic,Monthly,334.39,11,1,Generated feedback 903
466905,60,Male,12,2,3,2,Standard,Monthly,361.01,15,1,Generated feedback 904
466906,63,Male,5,7,6,6,Standard,Monthly,692.49,8,1,Generated feedback 905
466907,23,Female,18,4,7,3,Standard,Annual,957.94,11,0,Generated feedback 906
466908,45,Male,13,8,6,8,Basic,Annual,967.14,22,0,Generated feedback 907
466909,26,Male,6,7,7,26,Standard,Monthly,957.02,3,0,Generated feedback 908
466910,66,Male,22,6,2,21,Premium,Annual,774.22,24,0,Generated feedback 909
466911,44,Male,19,4,2,5,Standard,Quarterly,444.28,14,0,Generated feedback 910
466912,53,Female,7,3,5,13,Premium,Quarterly,315.68,29,0,Generated feedback 911
466913,51,Female,17,1,9,21,Standard,Annual,988.03,26,0,Generated feedback 912
466914,35,Male,7,3,1,10,Premium,Annual,324.7,28,1,Generated feedback 913
466915,59,Male,20,3,3,20,Standard,Quarterly,847.01,10,1,Generated feedback 914
466916,25,Female,35,7,7,0,Premium,Monthly,801.44,15,1,Generated feedback 915
466917,26,Female,34,1,9,4,Basic,Annual,866.86,1,1,Generated feedback 916
466918,36,Female,4,7,6,29,Premium,Quarterly,957.93,25,0,Generated feedback 917
466919,58,Female,14,8,5,23,Basic,Annual,69.76,27,1,Generated feedback 918
466920,38,Female,23,3,9,28,Premium,Annual,483.25,2,1,Generated feedback 919
466921,19,Female,11,4,4,8,Premium,Quarterly,149.91,28,1,Generated feedback 920
466922,23,Female,4,7,0,14,Basic,Monthly,197.19,2,1,Generated feedback 921
466923,31,Male,28,3,2,23,Premium,Quarterly,620.91,3,0,Generated feedback 922
466924,47,Female,12,5,7,26,Standard,Monthly,615.97,8,0,Generated feedback 923
466925,33,Male,23,4,2,12,Premium,Monthly,585.04,1,0,Generated feedback 924
466926,28,Female,7,8,1,0,Standard,Monthly,594.74,5,1,Generated feedback 925
466927,35,Female,18,5,5,17,Premium,Quarterly,368.91,22,1,Generated feedback 926
466928,42,Male,19,4,3,3,Premium,Annual,237.25,15,0,Generated feedback 927
466929,36,Female,30,3,4,3,Basic,Quarterly,603.95,1,1,Generated feedback 928
466930,50,Male,26,8,1,27,Basic,Quarterly,124.98,15,1,Generated feedback 929
466931,47,Male,9,2,7,22,Premium,Monthly,873.38,5,1,Generated feedback 930
466932,63,Female,18,3,4,24,Standard,Quarterly,637.54,2,0,Generated feedback 931
466933,56,Female,1,2,0,20,Basic,Quarterly,794.85,15,1,Generated feedback 932
466934,38,Female,16,8,8,4,Premium,Quarterly,664.31,8,0,Generated feedback 933
466935,69,Female,32,9,7,22,Standard,Annual,797.99,20,1,Generated feedback 934
466936,54,Female,28,6,8,24,Standard,Annual,703.16,7,0,Generated feedback 935
466937,38,Female,29,8,5,25,Basic,Quarterly,860.14,9,1,Generated feedback 936
466938,27,Male,7,1,1,29,Standard,Monthly,135.01,13,1,Generated feedback 937
466939,51,Female,16,8,2,19,Standard,Annual,535.04,23,0,Generated feedback 938
466940,55,Male,6,2,6,24,Premium,Monthly,605.66,21,1,Generated feedback 939
466941,37,Female,19,5,7,9,Premium,Annual,96.78,21,0,Generated feedback 940
466942,28,Male,30,6,8,14,Standard,Annual,577.91,16,1,Generated feedback 941
466943,57,Male,11,1,3,14,Basic,Quarterly,287.8,26,1,Generated feedback 942
466944,33,Male,24,2,3,3,Basic,Monthly,525.11,10,0,Generated feedback 943
466945,28,Female,23,8,7,4,Premium,Monthly,490.02,27,1,Generated feedback 944
466946,59,Male,13,4,5,18,Basic,Quarterly,133.94,22,0,Generated feedback 945
466947,59,Female,9,8,3,12,Premium,Annual,432.67,21,1,Generated feedback 946
466948,51,Female,35,6,9,20,Basic,Annual,803.04,9,0,Generated feedback 947
466949,55,Female,30,8,1,10,Premium,Quarterly,266.16,23,0,Generated feedback 948
466950,29,Male,33,2,5,28,Basic,Monthly,488.29,25,0,Generated feedback 949
466951,62,Male,26,3,4,17,Basic,Annual,72.22,12,0,Generated feedback 950
466952,54,Female,6,4,0,5,Basic,Annual,278.28,29,0,Generated feedback 951
466953,57,Male,28,4,9,24,Standard,Annual,863.12,13,0,Generated feedback 952
466954,33,Female,27,4,2,9,Premium,Quarterly,886.49,11,0,Generated feedback 953
466955,20,Male,12,7,6,24,Basic,Monthly,800.48,19,0,Generated feedback 954
466956,23,Female,28,7,7,4,Premium,Annual,308.0,25,1,Generated feedback 955
466957,56,Male,31,5,7,6,Basic,Monthly,981.25,4,1,Generated feedback 956
466958,31,Female,20,6,2,24,Premium,Monthly,329.03,19,1,Generated feedback 957
466959,50,Female,33,3,1,1,Basic,Monthly,170.18,22,0,Generated feedback 958
466960,64,Male,20,6,0,9,Premium,Quarterly,673.33,29,1,Generated feedback 959
466961,65,Male,4,6,6,6,Standard,Annual,570.36,6,1,Generated feedback 960
466962,51,Female,30,4,5,5,Basic,Quarterly,289.96,19,1,Generated feedback 961
466963,35,Male,20,3,6,29,Standard,Annual,509.96,19,1,Generated feedback 962
466964,39,Male,20,6,8,20,Basic,Monthly,865.26,11,1,Generated feedback 963
466965,62,Male,19,1,4,4,Basic,Annual,244.04,25,1,Generated feedback 964
466966,59,Female,7,1,8,11,Basic,Monthly,213.81,9,1,Generated feedback 965
466967,62,Male,22,1,5,15,Standard,Monthly,182.97,28,0,Generated feedback 966
466968,23,Female,34,8,1,24,Premium,Annual,223.48,24,0,Generated feedback 967
466969,67,Male,21,4,9,0,Basic,Quarterly,774.04,3,0,Generated feedback 968
466970,49,Male,24,1,8,23,Basic,Monthly,295.22,20,1,Generated feedback 969
466971,59,Male,15,2,0,11,Basic,Monthly,735.03,8,1,Generated feedback 970
466972,19,Female,16,1,1,0,Premium,Monthly,334.86,25,1,Generated feedback 971
466973,42,Male,13,9,1,24,Standard,Quarterly,707.0,6,0,Generated feedback 972
466974,49,Male,8,4,0,21,Basic,Quarterly,343.06,9,0,Generated feedback 973
466975,45,Female,12,2,0,17,Premium,Quarterly,135.91,29,1,Generated feedback 974
466976,67,Female,21,7,3,14,Standard,Annual,737.93,16,0,Generated feedback 975
466977,21,Male,20,4,3,22,Premium,Annual,686.71,12,1,Generated feedback 976
466978,66,Female,2,3,4,4,Basic,Annual,960.43,4,1,Generated feedback 977
466979,25,Female,31,3,7,13,Standard,Monthly,567.45,21,0,Generated feedback 978
466980,44,Female,27,3,1,19,Standard,Monthly,334.91,3,1,Generated feedback 979
466981,53,Male,24,4,7,17,Basic,Quarterly,107.63,19,1,Generated feedback 980
466982,64,Female,16,3,2,29,Premium,Quarterly,437.85,11,1,Generated feedback 981
466983,46,Female,24,3,4,23,Standard,Quarterly,318.18,5,1,Generated feedback 982
466984,39,Female,14,4,9,29,Standard,Annual,205.49,15,1,Generated feedback 983
466985,43,Male,11,1,8,2,Premium,Monthly,875.33,6,0,Generated feedback 984
466986,42,Female,5,1,8,10,Premium,Monthly,291.87,15,0,Generated feedback 985
466987,43,Male,7,1,7,22,Basic,Annual,419.67,15,0,Generated feedback 986
466988,28,Female,22,4,0,27,Premium,Annual,838.18,29,0,Generated feedback 987
466989,57,Female,28,2,4,3,Standard,Monthly,433.86,17,1,Generated feedback 988
466990,18,Male,16,4,2,9,Premium,Annual,874.84,28,0,Generated feedback 989
466991,49,Male,16,7,2,24,Basic,Monthly,712.25,12,1,Generated feedback 990
466992,63,Female,2,3,7,13,Standard,Annual,612.63,14,0,Generated feedback 991
466993,25,Female,19,7,5,10,Basic,Quarterly,137.48,26,0,Generated feedback 992
466994,19,Male,13,5,7,0,Premium,Monthly,424.57,5,1,Generated feedback 993
466995,50,Male,3,7,0,19,Standard,Quarterly,559.07,27,1,Generated feedback 994
466996,33,Female,27,4,8,13,Premium,Quarterly,569.74,4,0,Generated feedback 995
466997,68,Male,21,3,5,2,Standard,Monthly,372.76,23,1,Generated feedback 996
466998,65,Male,26,5,4,20,Premium,Quarterly,652.26,15,1,Generated feedback 997
466999,52,Female,21,6,1,2,Basic,Monthly,779.09,12,0,Generated feedback 998
467000,30,Female,27,1,3,12,Premium,Quarterly,899.79,29,1,Generated feedback 999
